0.0 41.21616744995117
-149.8152618408203 78.09329223632812
-169.8335418701172 80.33543395996094
-82.07330322265625 134.80934143066406
-97.96881866455078 113.00837707519531
-114.61399841308594 134.0870819091797
-104.33086395263672 114.65801239013672
-102.51554870605469 143.4521942138672
-133.00563049316406 129.5094451904297
-139.23785400390625 115.09754180908203
59.024070739746094 34.28091049194336
89.4405517578125 -14.236148834228516
-85.06095123291016 119.42730712890625
-100.04883575439453 149.0121307373047
-144.41261291503906 143.73338317871094
-103.00999450683594 118.84664154052734
-128.9705352783203 135.92227172851562
-105.14562225341797 140.91796875
-128.30465698242188 119.76545715332031
-73.60912322998047 125.77497100830078
-63.15094757080078 148.20635986328125
-77.18899536132812 134.0117950439453
-79.57571411132812 114.28085327148438
-102.52860260009766 140.6397705078125
-59.14555358886719 -38.46715545654297
-60.439170837402344 -45.05921173095703
-66.28910064697266 -42.332340240478516
-70.32777404785156 -48.989620208740234
-61.7479248046875 -44.53107833862305
-58.52328872680664 -39.000057220458984
-67.05167388916016 -47.608612060546875
-62.51225662231445 -44.33958435058594
-62.4271240234375 -39.10096740722656
-71.67974853515625 -45.07763671875
-60.14247131347656 -50.194313049316406
-82.33369445800781 -25.235170364379883
78.04659271240234 22.054180145263672
-152.629638671875 151.99710083007812
-72.6346664428711 84.99913787841797
-85.83258819580078 145.088134765625
-97.77545928955078 139.7262725830078
-98.54315185546875 127.83320617675781
-115.31111907958984 116.29493713378906
-91.87408447265625 108.15278625488281
-104.9948501586914 117.49882507324219
-76.32266998291016 -59.965576171875
-178.3831024169922 -51.0379638671875
-103.57755279541016 -31.97930908203125
-119.79698181152344 156.39915466308594
-116.74032592773438 131.28012084960938
-114.29141998291016 133.8431854248047
-96.5530014038086 135.19403076171875
-87.83059692382812 102.10106658935547
-106.34840393066406 -35.17308044433594
-142.79690551757812 -179.93820190429688
-61.19994354248047 -33.617557525634766
-53.06012725830078 -42.81948471069336
-65.27635192871094 -44.58998107910156
-67.81327056884766 -40.146236419677734
-61.206390380859375 -43.249053955078125
-64.47803497314453 -44.000205993652344
-62.23031997680664 -45.66707992553711
-66.47220611572266 -42.16172409057617
-56.76329803466797 -45.6316032409668
-70.2767105102539 -41.243892669677734
-61.25328826904297 -46.849700927734375
-62.30105972290039 -38.42566680908203
-62.42539596557617 -33.75303268432617
-87.68710327148438 103.12506866455078
-61.77775573730469 -31.948705673217773
-60.321258544921875 -42.74189376831055
-68.61337280273438 151.41009521484375
-135.82913208007812 -64.74098205566406
-88.36280059814453 172.99720764160156
-112.9706802368164 125.81746673583984
-92.56603240966797 107.48881530761719
-129.5927276611328 132.25473022460938
-102.07831573486328 127.37521362304688
-93.66588592529297 127.71343231201172
-132.4955596923828 142.969970703125
-85.46661376953125 87.84856414794922
-118.95319366455078 75.9969253540039
-92.18331146240234 96.21541595458984
67.91202545166016 107.10250854492188
-95.54039764404297 84.80692291259766
64.25489044189453 170.5020294189453
-97.50068664550781 86.92647552490234
-167.52786254882812 -178.25546264648438
-122.12944030761719 123.86199951171875
-112.66130828857422 100.46717071533203
-129.6153106689453 132.0054931640625
-135.79820251464844 112.02703857421875
-158.5537109375 0.0
